{
 "cells": [
  {
   "cell_type": "code",
   "execution_count": 16,
   "metadata": {},
   "outputs": [
    {
     "data": {
      "text/plain": [
       "array([[187, 158, 104, 121, 143],\n",
       "       [198, 125, 255, 255, 147],\n",
       "       [209, 134, 255,  97, 182]], dtype=uint8)"
      ]
     },
     "execution_count": 16,
     "metadata": {},
     "output_type": "execute_result"
    }
   ],
   "source": [
    "import numpy, cv2\n",
    "\n",
    "img = cv2.imread('smallgray.png', 0) # 0 - in gray scale, 1 - in bgr (BGR not RBG )))))\n",
    "img"
   ]
  },
  {
   "cell_type": "code",
   "execution_count": 17,
   "metadata": {},
   "outputs": [
    {
     "data": {
      "text/plain": [
       "True"
      ]
     },
     "execution_count": 17,
     "metadata": {},
     "output_type": "execute_result"
    }
   ],
   "source": [
    "cv2.imwrite(\"newsmallgray.png\", img)"
   ]
  },
  {
   "cell_type": "code",
   "execution_count": 20,
   "metadata": {},
   "outputs": [
    {
     "data": {
      "text/plain": [
       "array([[104, 121],\n",
       "       [255, 255]], dtype=uint8)"
      ]
     },
     "execution_count": 20,
     "metadata": {},
     "output_type": "execute_result"
    }
   ],
   "source": [
    "img[0:2,2:4]"
   ]
  },
  {
   "cell_type": "code",
   "execution_count": 22,
   "metadata": {},
   "outputs": [
    {
     "data": {
      "text/plain": [
       "182"
      ]
     },
     "execution_count": 22,
     "metadata": {},
     "output_type": "execute_result"
    }
   ],
   "source": [
    "img[2,4]"
   ]
  },
  {
   "cell_type": "code",
   "execution_count": 25,
   "metadata": {},
   "outputs": [
    {
     "name": "stdout",
     "output_type": "stream",
     "text": [
      "[187 158 104 121 143]\n",
      "[198 125 255 255 147]\n",
      "[209 134 255  97 182]\n"
     ]
    }
   ],
   "source": [
    "for i in img:\n",
    "    print(i)"
   ]
  },
  {
   "cell_type": "code",
   "execution_count": 27,
   "metadata": {},
   "outputs": [
    {
     "name": "stdout",
     "output_type": "stream",
     "text": [
      "[187 198 209]\n",
      "[158 125 134]\n",
      "[104 255 255]\n",
      "[121 255  97]\n",
      "[143 147 182]\n"
     ]
    }
   ],
   "source": [
    "for i in img.T:\n",
    "    print(i)"
   ]
  },
  {
   "cell_type": "code",
   "execution_count": 29,
   "metadata": {},
   "outputs": [
    {
     "name": "stdout",
     "output_type": "stream",
     "text": [
      "187\n",
      "158\n",
      "104\n",
      "121\n",
      "143\n",
      "198\n",
      "125\n",
      "255\n",
      "255\n",
      "147\n",
      "209\n",
      "134\n",
      "255\n",
      "97\n",
      "182\n"
     ]
    }
   ],
   "source": [
    "for i in img.flat:\n",
    "    print(i)"
   ]
  },
  {
   "cell_type": "code",
   "execution_count": 34,
   "metadata": {},
   "outputs": [
    {
     "name": "stdout",
     "output_type": "stream",
     "text": [
      "[[187 158 104 121 143 187 158 104 121 143 187 158 104 121 143]\n",
      " [198 125 255 255 147 198 125 255 255 147 198 125 255 255 147]\n",
      " [209 134 255  97 182 209 134 255  97 182 209 134 255  97 182]]\n"
     ]
    }
   ],
   "source": [
    "horisontal_stack = numpy.hstack((img, img, img))\n",
    "print(horisontal_stack)"
   ]
  },
  {
   "cell_type": "code",
   "execution_count": 37,
   "metadata": {},
   "outputs": [
    {
     "name": "stdout",
     "output_type": "stream",
     "text": [
      "[[187 158 104 121 143]\n",
      " [198 125 255 255 147]\n",
      " [209 134 255  97 182]\n",
      " [187 158 104 121 143]\n",
      " [198 125 255 255 147]\n",
      " [209 134 255  97 182]\n",
      " [187 158 104 121 143]\n",
      " [198 125 255 255 147]\n",
      " [209 134 255  97 182]]\n"
     ]
    }
   ],
   "source": [
    "vertical_stack = numpy.vstack((img, img, img))\n",
    "print(vertical_stack)"
   ]
  },
  {
   "cell_type": "code",
   "execution_count": 40,
   "metadata": {},
   "outputs": [
    {
     "data": {
      "text/plain": [
       "[array([[187, 158, 104, 121, 143],\n",
       "        [198, 125, 255, 255, 147],\n",
       "        [209, 134, 255,  97, 182]], dtype=uint8),\n",
       " array([[187, 158, 104, 121, 143],\n",
       "        [198, 125, 255, 255, 147],\n",
       "        [209, 134, 255,  97, 182]], dtype=uint8),\n",
       " array([[187, 158, 104, 121, 143],\n",
       "        [198, 125, 255, 255, 147],\n",
       "        [209, 134, 255,  97, 182]], dtype=uint8)]"
      ]
     },
     "execution_count": 40,
     "metadata": {},
     "output_type": "execute_result"
    }
   ],
   "source": [
    "numpy.hsplit(horisontal_stack, 3)"
   ]
  },
  {
   "cell_type": "code",
   "execution_count": 41,
   "metadata": {},
   "outputs": [
    {
     "data": {
      "text/plain": [
       "[array([[187, 158, 104, 121, 143],\n",
       "        [198, 125, 255, 255, 147],\n",
       "        [209, 134, 255,  97, 182]], dtype=uint8),\n",
       " array([[187, 158, 104, 121, 143],\n",
       "        [198, 125, 255, 255, 147],\n",
       "        [209, 134, 255,  97, 182]], dtype=uint8),\n",
       " array([[187, 158, 104, 121, 143],\n",
       "        [198, 125, 255, 255, 147],\n",
       "        [209, 134, 255,  97, 182]], dtype=uint8)]"
      ]
     },
     "execution_count": 41,
     "metadata": {},
     "output_type": "execute_result"
    }
   ],
   "source": [
    "numpy.vsplit(vertical_stack, 3)"
   ]
  }
 ],
 "metadata": {
  "kernelspec": {
   "display_name": "Python 3",
   "language": "python",
   "name": "python3"
  },
  "language_info": {
   "codemirror_mode": {
    "name": "ipython",
    "version": 3
   },
   "file_extension": ".py",
   "mimetype": "text/x-python",
   "name": "python",
   "nbconvert_exporter": "python",
   "pygments_lexer": "ipython3",
   "version": "3.6.1"
  }
 },
 "nbformat": 4,
 "nbformat_minor": 2
}
